0,391
0,390
0,389
29,3
29,2
29,1
29,0
0,388
0,387
0,386
0,385
0,384
0,319
0,278
0,318
0,317
0,316
28,3
28,2
28,1
28,0
27,3
27,2
27,1
27,0
26,3
26,2
0,283
0,243
26,1
26,0
25,3
25,2
0,9
25,1
25,0
24,49
24,48
24,47
24,46
24,45
24,44
24,43
24,42
24,41
24,40
24,39
24,38
24,37
24,36
24,35
3,1
3,3
10,242
10,28
10,198
10,88
11,12
11,11
11,19
9,7
9,6
9,4
8,4
8,6
8,14
8,15
8,18
8,9
8,16
20,2
20,1
12,3
20,3
12,2
12,1
11,30
11,29
11,28
11,27
11,26
11,25
11,24
11,23
11,22
11,21
11,20
19,2
19,1
11,17
11,16
11,9
11,8
11,3
